0.943897899
3.702326965
5.782157541
0.962754743
5.210837502
1.246451931
0.934490321
4.210140948
2.066068793
1.039806743
4.071466207
1.559833436
4.219222542
0.827482447
0.515033408
3.504802132
5.533527951
2.274459975
0.280563515
4.315753189
0.135089497
0.408468777
3.051493961
0.717893218
1.445347787
0.957257346
3.829119247
3.01313669
10.67862583
3.516645455
8.616352201
0.406214367
1.782156298
8.766954377
2.71071872
4.560287159
1.570524007
0.065520066
5.049875312
1.934743401
0.053102984
1.003262643
0.228245364
0.718813305
1.410510426
7.65509391
0.085339835
1.845590307
0.20768432
4.453575452
1.003427859
0.046502976
0.826996198
1.27064803
1.006673453
0.277777778
0.130890052
4.943737318
0.136759519
2.823126184
0.024885939
1.669783596
0.920754717
5.222567988
4.036960617
0.015186029
0.035120067
1.88863881
0.543102597
4.872862585
2.194148936
4.850604425
1.122579673
0.369483764
0.153325241
6.417821388
1.705079962
2.363173153
1.116086346
1.995422456
0.384830675
4.005982962
0.744010714
3.215179866
2.575107296
1.090948369
0.732712563
1.988140914
0.811780253
4.842904702
0.022457401
3.313474798
0.846721667
3.579437275
2.07289056
1.176182974
4.227827421
3.565401757
11.51297999
0.545325779
0.958483096
1.570475922
4.862136292
1.891407703
10.65710294
