2.483290011
8.602597403
2.382576752
2.206090318
4.425711275
4.675282583
2.962794918
20.91039868
15.62779785
2.853618882
12.22726188
5.49926308
17.99949967
1.127734447
15.04577591
3.990102913
0.111466686
3.792714983
0.320261438
5.526574803
6.836645419
1.608372349
2.235790608
2.575669383
9.316011548
13.05040464
4.914154387
12.79033995
0.274040857
6.227922396
0.035401363
0.832139314
2.743259086
4.721483336
11.35718606
5.504674453
4.434158159
8.706234137
0.728125386
1.762925931
6.341189675
2.568025352
6.165621755
0.700525394
0.286575793
8.617167478
6.032661893
4.062484151
7.171951534
8.487962179
9.633116255
3.831796223
5.342729792
13.41648291
0.482703138
2.43158655
8.113276641
9.771713122
1.581177661
0.209746207
6.872226647
14.81191694
4.266060135
0.010165701
4.651042341
11.43233218
2.896480062
3.235364779
5.351444235
0.147477624
3.629226288
4.603971198
4.29199773
0.345397207
10.1986469
2.403348929
34.118588
18.09075397
8.479317619
3.857837181
15.71010249
8.610131348
5.455047299
3.124877012
7.825174158
6.54790856
4.311937908
4.838709677
15.4390499
2.779545937
2.071885707
0
9.011171637
6.578900297
0.505784547
1.625381503
1.552992988
8.277695351
7.825261159
5.208989708
1.722172217
1.739386792
1.863013699
5.922740577
2.210326369
