2.958395615
7.318262141
6.43190057
0.130147139
1.856809742
3.745281631
1.049510229
6.034150725
6.576463184
3.217518963
1.086637298
3.351281099
1.5098529
1.406459564
6.230811817
3.432199984
0.069027404
2.741483901
2.750275028
7.195705788
9.902173913
4.534286352
7.921818316
13.33990148
4.420094716
2.186805041
7.281235377
2.379060033
0
10.38666515
0.370689655
9.753034743
2.979865772
2.773547966
6.194878334
0.084058544
0.057396495
5.118679729
0.444204334
6.712845337
0.580281382
0.836699365
1.160289789
2.333031548
0.729759237
0.027334541
0.283933518
0.041435944
9.540907925
2.809898242
1.972968399
0.610005732
0.250410155
12.62988933
4.098314764
2.546084123
6.475566912
0.209314495
7.379247422
6.3505269
0.191864927
2.63328297
4.790856967
7.882334547
3.566947482
1.38507326
2.666903725
0.008541168
9.032493611
4.297145389
0
8.395513848
5.158627805
6.679884643
6.175413691
0.359498681
6.714876033
1.832190603
7.423731743
3.651903652
2.545166016
2.540040923
4.311191099
6.864647068
3.574770728
2.804119969
13.11859117
5.456844347
3.164423886
1.977416106
2.836914063
11.75830158
4.112109079
2.233655927
0.109248681
0.251134937
7.0537019
2.739571271
0
1.257183273
1.737993448
0.038239699
1.358506944
1.966142868
1.647807054
