1.639597834
22.63398472
2.14112488
19.18749845
9.845383596
0.823195975
0.30715812
6.710304393
8.085366787
1.57864633
7.372625216
2.477609184
1.15325705
1.039526922
14.38877025
0.662596784
4.309063893
4.122739855
4.067671637
0.442563482
9.105067023
5.421597633
2.976190476
7.17549046
0.023749584
4.908431719
12.44314988
11.64198519
5.521106352
3.984294077
5.596792545
7.661300234
2.934202727
1.522591451
6.533281681
2.533801767
3.494002421
3.824393428
5.154112505
0
2.735753908
1.761693266
0.486090653
0.28173898
1.842893343
15.98639456
14.16336241
0.182659523
4.693356727
10.04945807
5.90862423
0.757862827
3.174754052
0.091946563
1.101737598
0.458123629
0.983517968
2.265944512
0.398034398
2.211557688
4.200416058
0.380212757
0.196345787
9.262841178
1.945668135
3.341415814
8.605154711
2.862976608
9.172585443
6.13173405
13.90706013
7.02674204
0.241664619
4.712765467
24.0321527
5.232627915
3.610036034
0.141486379
8.103334069
5.138455538
7.643418632
2.124966091
12.45043616
5.015418103
0.156596633
2.521476666
1.736188152
9.782608696
2.588460312
5.64020008
0.182238421
11.2003625
7.020521524
3.254930342
11.37558516
2.67221933
6.448082648
4.478780482
6.885043263
7.826495233
4.477756599
6.03381797
0.136752137
2.045276252
4.226062823
