3.406783485
3.779745087
0.9758897819
0.0441598587
2.4992189941
1.6197704554
0.1275277828
0.3151010702
5.7177228178
9.8786102972
0.8794107948
1.073897577
7.0124958895
0.8475374329
1.4489402697
5.2881355932
0.4199758826
1.7193048028
0.109492125
10.3246826199
4.9510902235
0.4664823773
10.5987108778
2.8480063955
0
2.7717222049
10.7722685388
0.7916711853
1.647819063
0.1488233653
5.7553409868
3.7920308103
0.2931872541
5.6524083393
4.704067862
4.8107719459
2.9056720576
5.8279167126
6.2138728324
0.2440168935
2.8371407517
3.5974267818
2.1823681936
0.0328623069
1.5718840365
6.202247191
0.0622735507
0.0472422346
0.0421718503
0.9590377113
4.3561866726
1.4436781609
0.1881025159
5.377486822
2.1943225376
1.1305764922
3.752827247
0.9203074434
2.10812209
1.4015189014
0.3832239868
5.838020661
2.5121735281
0.1426622007
0.7436207157
5.3147653567
5.2725275558
4.4619422572
5.4530059272
0.1277098432
17.2355420438
1.3450549451
4.2008909926
8.3545080172
0.0059400059
0.6160616062
11.2472738602
2.0039100684
3.8145874211
0.04140501
4.1539886228
0
0.0685075885
4.9998693869
0.1291534578
0.3959775518
2.9255401834
1.9700088209
9.4347009082
6.9660589892
13.2094666952
4.1473530129
0.1014198783
0.5969131065
1.9463209786
1.1022207707
2.9911961249
1.8791595981
0
0.059413784
0
4.2407719936
0.5949415316
0.0622535796
0.1272624434
