2.536814353
8.039640558
5.564532648
19.58955224
9.917198959
2.380732249
4.692111618
8.995089232
2.221526909
0.781208482
7.357821905
11.8315508
4.111424879
5.090110642
14.18104852
2.603716063
11.20813741
19.29591041
5.842481703
8.385647797
17.05152483
4.9926324
2.860132543
14.82240096
1.341327491
4.690647482
0.129043
23.97849116
8.284721767
3.938356164
1.282377487
9.043356152
0.132905084
12.24925481
10.33265395
1.264539537
8.950647328
0.095554214
0.102623308
10.18347818
7.04586459
1.642021228
9.702039177
0.307056213
1.007884256
0.025697032
4.914850989
0.052885569
6.185265161
0.141151561
3.393817204
5.863359507
1.98464707
6.140881416
2.588025847
6.926541388
0.222643688
1.655933763
0.572320499
3.707488787
10.53597651
5.844364363
8.625998668
12.59301015
7.670063343
10.75555881
6.30988676
0.114605883
9.530335119
11.44827586
13.20532627
20.89544349
9.280973451
0.931731873
5.573172665
4.052211183
1.823717279
22.46025883
1.53807235
14.10893325
2.373226593
2.561761149
3.57316208
18.56469397
18.05704358
0.179735335
19.0552442
7.587621178
0.03599712
8.192737942
11.1124469
2.284396484
1.338658708
5.296213808
9.133866724
12.90914653
0.011639185
15.95833168
1.279873145
2.536902677
8.622966904
2.294711277
10.73136252
15.57927239
3.319247211
